8.385132312774658
8.252458572387695
8.27250051498413
8.832826375961304
8.09850811958313
8.125653982162476
8.294291734695435
8.160199642181396
8.616193532943726
8.759563446044922
8.59798550605774
8.362835168838501
8.621898651123047
8.811859846115112
9.57825517654419
8.245665788650513
8.063428401947021
8.006452560424805
7.739053249359131
8.562774896621704
8.266336441040039
8.326458930969238
8.038966655731201
8.33508563041687
9.029496908187866
8.930922269821167
8.223541259765625
7.5773396492004395
8.051736116409302
7.69361138343811
8.395949602127075
7.978418350219727
8.343953371047974
8.814562797546387
9.280189752578735
8.504710674285889
8.680435419082642
8.28873324394226
8.550321340560913
8.516428709030151
7.680919647216797
8.276709079742432
8.442039966583252
8.737863540649414
8.240449666976929
8.529394388198853
8.51680302619934
8.183440446853638
8.26617431640625
8.214057445526123
7.90122389793396
8.217135906219482
8.173080682754517
8.562403202056885
8.228758811950684
8.256770372390747
7.699350833892822
8.869724035263062
7.840918302536011
7.825458765029907
8.318266868591309
8.213961124420166
8.409608125686646
7.865375280380249
8.509039878845215
8.466881513595581
8.821218729019165
8.482242822647095
8.466507196426392
8.979164361953735
8.667526483535767
8.14647626876831
7.949421644210815
8.300961017608643
7.963245868682861
8.309842109680176
7.933952569961548
8.522608041763306
8.820292472839355
8.524200201034546
8.837729215621948
7.816297292709351
8.7783842086792
8.313604831695557
8.314455032348633
7.781098127365112
8.183933973312378
8.971866369247437
8.579887628555298
9.028406858444214
8.907101392745972
8.29194188117981
7.790104389190674
8.104017496109009
8.786279439926147
7.962234973907471
8.209937572479248
8.125889778137207
8.241246938705444
