8.252766609191895
8.18445611000061
7.931943893432617
8.84422779083252
8.522509574890137
8.225004196166992
8.306790590286255
8.24607539176941
7.795531511306763
8.492191076278687
7.832484006881714
7.8894126415252686
8.160532712936401
8.002612113952637
8.208667278289795
7.864377498626709
8.287207126617432
8.357204914093018
8.352762460708618
8.042543411254883
8.083847045898438
8.492169380187988
7.756995677947998
8.013120412826538
8.26464056968689
8.650852918624878
7.989933252334595
8.028464317321777
8.314581155776978
7.69000768661499
8.7007577419281
8.052518129348755
7.7956321239471436
8.525712251663208
8.214423656463623
8.161175012588501
8.234441041946411
7.947746276855469
8.2953782081604
8.293823003768921
8.871948719024658
8.13542366027832
8.453043460845947
8.217237710952759
8.385876417160034
8.216158390045166
8.792058229446411
7.8078343868255615
8.720638751983643
8.199308395385742
7.442046165466309
8.078856945037842
8.286700248718262
8.108220338821411
7.856897592544556
8.746540546417236
8.404325246810913
8.519247770309448
8.258761882781982
8.956477880477905
8.473560333251953
8.019827842712402
8.681695699691772
8.572168827056885
8.84899640083313
8.121544361114502
7.781271934509277
7.818596363067627
8.126854419708252
8.464707374572754
8.02979588508606
7.8669703006744385
8.797880172729492
7.792551040649414
8.194575071334839
8.08316707611084
8.597644329071045
8.114131689071655
8.674866914749146
7.817538261413574
7.731319427490234
8.120602369308472
8.318198919296265
7.9765002727508545
8.274393558502197
7.550692319869995
7.796594858169556
8.52700161933899
8.614851713180542
7.968671798706055
7.429618835449219
8.048948526382446
7.941120862960815
8.12263798713684
8.60033130645752
7.797415494918823
8.278541088104248
7.7920448780059814
8.587529182434082
8.514726638793945
