8.9586763381958
8.751940488815308
8.772636651992798
8.569741487503052
8.449590682983398
9.305124759674072
9.036319017410278
9.070913076400757
9.174495697021484
9.213160037994385
8.64070749282837
8.956365585327148
9.003135442733765
8.640694379806519
9.02617073059082
8.82007646560669
8.567158699035645
8.577688694000244
8.84566068649292
8.812917947769165
9.203513383865356
9.049392461776733
9.088382244110107
8.730502843856812
8.545902490615845
8.799612998962402
9.062619924545288
8.44702935218811
8.787297248840332
8.686519861221313
8.469784498214722
9.163846969604492
8.83448338508606
8.371179819107056
8.911054372787476
8.506478548049927
8.476440191268921
8.468368291854858
8.852675199508667
8.637675523757935
8.065990686416626
9.287669897079468
9.267404079437256
8.303704023361206
8.798159837722778
9.2457275390625
8.845013856887817
8.855399370193481
9.34651517868042
9.005284070968628
8.388641595840454
8.028403043746948
8.415010452270508
8.837706089019775
8.75222134590149
8.40865159034729
8.83895993232727
8.865140676498413
9.00549578666687
8.827016115188599
9.13778305053711
8.82174801826477
8.335901260375977
8.600013971328735
8.665984869003296
8.791232109069824
8.871376514434814
8.9094078540802
8.73763132095337
8.677923440933228
9.420509576797485
8.51819634437561
8.835026264190674
9.134779691696167
9.090534210205078
8.589093446731567
8.730790853500366
8.837119817733765
8.448283195495605
8.464073896408081
8.772153615951538
8.903629064559937
8.691723346710205
8.816596508026123
8.22166633605957
8.607880592346191
8.714603662490845
8.591185569763184
9.062161445617676
8.606031894683838
9.342674493789673
8.444823026657104
9.186141967773438
8.905025005340576
8.632420778274536
9.210074186325073
