9.711145639419556
9.268845558166504
9.550118446350098
9.857299566268921
10.285520553588867
9.662330627441406
9.308634519577026
9.3936927318573
9.045174360275269
10.111407041549683
9.218411445617676
9.354405164718628
8.943739891052246
9.682171821594238
10.098155736923218
10.684535503387451
9.391622543334961
9.254158020019531
9.278620958328247
10.003609657287598
9.708482027053833
9.70428466796875
9.647814989089966
9.518618822097778
9.851033926010132
9.436896562576294
10.372321128845215
10.080863237380981
9.738404989242554
9.299808263778687
9.48018741607666
10.354457378387451
9.58263087272644
9.976112604141235
9.662011623382568
10.067447185516357
9.104937553405762
9.12161922454834
10.279966592788696
9.730988025665283
9.57820439338684
10.112338781356812
9.333161354064941
9.540111064910889
9.781630516052246
9.538227796554565
9.700368881225586
9.202637672424316
9.803041934967041
9.700899839401245
9.73685884475708
9.977505922317505
9.654842376708984
9.715051412582397
9.788450241088867
9.848140478134155
9.949786186218262
9.494241952896118
9.401530027389526
9.746941089630127
9.399811267852783
9.733148097991943
9.334444284439087
9.809008598327637
9.273937463760376
9.959329843521118
9.730304718017578
9.883644819259644
9.688380241394043
9.806220531463623
9.61730170249939
9.616718769073486
9.488130569458008
9.44974660873413
9.624101161956787
9.066898107528687
9.29403567314148
9.843950510025024
10.185930490493774
9.675981521606445
9.95832633972168
9.37886357307434
9.276977300643921
9.858007669448853
9.74035358428955
10.136224031448364
10.563642024993896
9.712794065475464
9.482142686843872
9.068140983581543
9.50645136833191
9.373730421066284
9.807713985443115
9.590342283248901
9.515541076660156
10.025075674057007
10.448412418365479
9.364494800567627
8.745484113693237
