6.630124568939209
6.951829671859741
7.172430515289307
7.015368700027466
6.440166473388672
6.667064428329468
6.598576545715332
6.75230860710144
6.590075254440308
6.798551321029663
6.172903060913086
6.8676228523254395
6.604623556137085
7.585615158081055
6.6869542598724365
6.858461141586304
6.654990196228027
6.795499324798584
6.614297389984131
6.797178745269775
6.546908140182495
7.240594148635864
7.204169511795044
7.04861044883728
6.6381425857543945
7.0681984424591064
6.712001800537109
6.939361095428467
6.912697076797485
6.639795780181885
6.819299697875977
7.152572154998779
7.228844881057739
6.86213231086731
7.222217798233032
6.738470554351807
6.461439847946167
6.651825189590454
6.7963340282440186
6.916081428527832
6.426483869552612
6.686594486236572
6.308929443359375
6.835657835006714
6.738417625427246
7.264955997467041
7.041913747787476
7.207690238952637
6.7035393714904785
7.370493173599243
6.783658027648926
7.466032981872559
6.710804224014282
6.900383949279785
7.2740092277526855
7.074181795120239
7.123472452163696
6.798491954803467
7.085540056228638
6.947860479354858
6.478328227996826
6.908910274505615
6.959851503372192
6.7536396980285645
6.472643136978149
7.045680999755859
6.7278783321380615
6.9111669063568115
6.569763660430908
6.688648223876953
6.994411468505859
7.09409236907959
6.916495084762573
6.911019563674927
7.14108943939209
6.994901657104492
6.777357578277588
7.1003944873809814
7.483811140060425
6.505685091018677
6.944347620010376
6.814824104309082
6.8303587436676025
6.903878927230835
6.854767084121704
7.274141550064087
6.858809471130371
6.830769777297974
6.3653271198272705
6.861553192138672
7.32358193397522
7.022895336151123
6.555854082107544
6.425073146820068
6.865744352340698
6.507552146911621
6.544058322906494
7.1475138664245605
6.850521564483643
6.640439510345459
