7.404282331466675
7.5538694858551025
8.04057002067566
8.178385019302368
7.199065923690796
7.621879816055298
7.924818992614746
7.7137415409088135
7.380826711654663
7.856840372085571
7.2516069412231445
8.187598466873169
8.228388786315918
7.313284397125244
7.523505210876465
7.277460336685181
7.321002244949341
7.473301649093628
8.226736307144165
7.220397233963013
7.443890333175659
7.154207944869995
7.475107192993164
8.022006273269653
8.056007623672485
7.3304603099823
7.597252130508423
7.512099266052246
7.673244953155518
7.060487985610962
7.442953586578369
7.210114002227783
7.042514324188232
7.482214450836182
6.943071365356445
7.577181339263916
7.251632452011108
7.47604775428772
7.468645095825195
7.526190280914307
7.104466438293457
7.768117904663086
7.517166376113892
8.019257068634033
7.605565309524536
7.449595212936401
7.028908967971802
7.789453506469727
7.380126953125
8.123047113418579
7.699199438095093
7.722633600234985
7.161604404449463
7.513915300369263
6.808810472488403
7.598963022232056
7.967113494873047
7.416260004043579
7.483789920806885
7.426477670669556
6.918251037597656
7.5698418617248535
7.782862663269043
7.536200761795044
7.4467926025390625
7.1985764503479
7.785250186920166
7.387178182601929
7.322556734085083
7.57691502571106
7.628810167312622
7.876965045928955
7.775799989700317
7.818809747695923
7.070811748504639
8.32152509689331
7.186557769775391
7.587661504745483
7.28583025932312
7.146306037902832
7.049910306930542
7.51898455619812
7.3177196979522705
7.830217123031616
7.176114797592163
7.652707576751709
8.28840184211731
7.442011594772339
7.4065842628479
7.421905755996704
7.676674842834473
7.369227170944214
7.295978307723999
8.044341802597046
7.519763231277466
7.190852403640747
