4.617002248764038
4.748551368713379
4.69815993309021
4.520586252212524
4.536036968231201
4.341627836227417
4.810820817947388
4.7754645347595215
4.5137083530426025
4.651353597640991
4.5697832107543945
4.3330078125
4.21795392036438
4.775493144989014
4.2325825691223145
4.34086537361145
4.497727870941162
4.476958751678467
4.216046094894409
4.849245071411133
4.6968512535095215
4.341123104095459
4.26241397857666
4.746765851974487
4.6996259689331055
4.879678249359131
4.194453477859497
5.363559722900391
4.442545652389526
3.9644885063171387
4.963837623596191
4.5118324756622314
4.235823392868042
4.313020706176758
4.238292455673218
4.277212858200073
4.326313495635986
4.384496450424194
4.166786193847656
4.458040952682495
4.6766273975372314
4.348444700241089
4.816531419754028
4.180135726928711
4.705741882324219
3.603804349899292
4.162443399429321
4.311438322067261
3.584536075592041
3.9615602493286133
4.772955417633057
4.916702032089233
4.510202884674072
4.2726850509643555
4.600448369979858
4.236210584640503
3.963818311691284
4.34915828704834
4.51929497718811
4.279061794281006
4.715459823608398
4.643365859985352
4.302004814147949
4.36869215965271
3.974255084991455
3.665487051010132
4.282762050628662
4.565751791000366
4.100708484649658
4.1441919803619385
3.895221710205078
4.413371562957764
3.8781564235687256
4.011012315750122
4.485163450241089
4.753899812698364
4.092390775680542
4.173143148422241
4.274948835372925
4.192988634109497
4.449866771697998
3.9962689876556396
4.145730972290039
3.973064422607422
4.243788719177246
4.743939161300659
4.153451919555664
4.418614387512207
4.559213399887085
3.9051589965820312
4.109918594360352
3.946455717086792
4.454480886459351
4.239462375640869
4.463919401168823
4.539459466934204
4.677958011627197
4.455751657485962
3.7967751026153564
4.368342161178589
