4.573575973510742
4.441139459609985
5.194352388381958
4.59051513671875
4.5270750522613525
5.0511252880096436
4.894670486450195
4.404476642608643
4.334146738052368
4.564456939697266
4.698764085769653
4.366249084472656
4.737879991531372
4.279472351074219
4.484223127365112
4.332477569580078
4.673863410949707
4.190622568130493
4.553971290588379
4.277143239974976
4.29946494102478
4.215402603149414
4.459754228591919
4.334260940551758
4.638487100601196
4.505349159240723
4.536467552185059
4.490647554397583
4.343161106109619
4.363158702850342
4.269444942474365
4.247708797454834
4.520402431488037
4.006725788116455
4.373189687728882
4.273695707321167
4.495104551315308
4.116948843002319
4.315723896026611
4.0170738697052
4.2263288497924805
3.9468421936035156
5.133295297622681
4.467519044876099
4.537860155105591
4.592393636703491
4.297030210494995
4.432632684707642
4.182653188705444
4.897108554840088
4.125993728637695
4.031182765960693
5.043345212936401
3.915266752243042
4.622219800949097
4.436267137527466
4.668607473373413
4.229477882385254
4.483994722366333
4.638280391693115
4.197159767150879
4.121007442474365
4.453081846237183
4.0591394901275635
4.16284966468811
4.187407732009888
4.482196569442749
4.388439178466797
4.718966484069824
4.264122009277344
4.360234022140503
4.806473255157471
4.035845518112183
4.0650928020477295
4.070948600769043
4.223343849182129
4.249030113220215
4.207909107208252
4.162018060684204
4.303332567214966
4.765188694000244
4.90507960319519
4.584866285324097
4.1353771686553955
4.3130409717559814
4.743169784545898
4.349592208862305
4.09466814994812
4.215160369873047
4.352830410003662
4.400585174560547
4.248274326324463
4.041629314422607
4.595175743103027
4.2966837882995605
4.177133798599243
4.046719789505005
3.9747121334075928
4.546387434005737
4.266643524169922
