4.187086343765259
4.602567672729492
4.56033182144165
4.972087621688843
4.407624959945679
4.360066890716553
4.043825387954712
4.540415048599243
5.188452243804932
4.557098865509033
4.113720893859863
4.442573308944702
4.460395336151123
5.151203155517578
4.715641260147095
4.8154137134552
4.1242475509643555
4.268319845199585
4.250128746032715
4.248473167419434
4.308428525924683
4.770437955856323
4.852783679962158
4.310583114624023
4.502026557922363
4.45885968208313
4.510523319244385
4.314682483673096
4.63349723815918
4.310742616653442
4.206962823867798
4.599454164505005
5.00005030632019
4.674819231033325
4.5635998249053955
4.463148355484009
4.72144341468811
4.57075309753418
4.383714199066162
4.2902843952178955
4.467934846878052
4.310652732849121
4.444496393203735
4.497573614120483
4.756897449493408
4.701953172683716
4.644916772842407
5.157006740570068
4.164776802062988
4.204725742340088
4.473438262939453
4.296952247619629
4.63914680480957
4.141528606414795
4.35752272605896
4.291060447692871
4.528066873550415
4.1428022384643555
4.605369567871094
4.832439422607422
4.597205877304077
4.218389272689819
4.513540744781494
4.936064720153809
4.5884926319122314
4.404227256774902
4.328152179718018
4.266907691955566
4.396018743515015
4.215573072433472
4.847294092178345
4.228349208831787
4.633986473083496
4.781907081604004
4.720691204071045
4.731683969497681
4.406664609909058
4.59687614440918
4.203298091888428
4.756584405899048
4.859292984008789
4.1953675746917725
4.799606084823608
4.428339719772339
4.43964958190918
4.987467288970947
4.03411340713501
4.523942232131958
5.149541616439819
4.478068113327026
4.7259135246276855
4.274795055389404
4.8844358921051025
4.307257413864136
4.381979703903198
4.0753173828125
4.69128155708313
4.391082048416138
4.096465587615967
4.6177449226379395
