4.676969051361084
4.78522253036499
4.852179288864136
5.132145881652832
4.861221790313721
4.802051067352295
4.2878639698028564
4.9638543128967285
4.520801305770874
4.50365138053894
4.732869386672974
4.487394332885742
4.421039819717407
4.271599292755127
4.751443862915039
4.683816194534302
4.4085423946380615
4.607945680618286
4.993799924850464
4.547126054763794
4.875451564788818
4.241775274276733
4.5936439037323
4.89071249961853
4.471953868865967
4.595954656600952
4.81410813331604
4.65666127204895
4.558145046234131
5.0989603996276855
4.6181440353393555
4.52183985710144
4.635312080383301
5.341066122055054
4.576994895935059
4.9431312084198
4.699992418289185
4.5464112758636475
5.365812063217163
4.750514984130859
4.613838195800781
5.029831409454346
4.3116466999053955
4.194619178771973
4.366084814071655
4.945383548736572
4.396016836166382
4.38003945350647
4.379467725753784
4.74347996711731
4.441303968429565
4.37569785118103
4.927816152572632
5.20521092414856
4.5230042934417725
4.396482706069946
4.736833095550537
5.208534002304077
4.5593101978302
4.6589179039001465
4.332575559616089
4.362699747085571
4.522897243499756
4.50114107131958
4.483824014663696
4.601061820983887
4.77834939956665
4.827013969421387
4.731729507446289
4.459224462509155
4.433391094207764
4.664996147155762
4.412633657455444
4.628501653671265
4.798712730407715
4.333584308624268
4.290569305419922
4.496817588806152
4.251081943511963
4.561615228652954
4.1048173904418945
4.33417010307312
4.694205284118652
4.588732481002808
4.57528018951416
4.749089241027832
4.4970831871032715
4.751058578491211
4.644585609436035
4.3290016651153564
4.611128568649292
4.518467426300049
4.92097282409668
4.361537933349609
4.527158737182617
5.007386207580566
4.583130836486816
4.912121057510376
4.741349220275879
4.745004653930664
