4.531953811645508
4.931846380233765
5.111863851547241
4.471591949462891
4.931414365768433
4.743311166763306
4.628920078277588
4.923996210098267
4.640827655792236
4.88726806640625
5.1260905265808105
4.970736503601074
5.495887279510498
5.074620485305786
4.6969592571258545
4.770541667938232
4.742034673690796
4.92491888999939
5.126204490661621
4.948466062545776
5.160310745239258
5.485471248626709
4.982080698013306
5.2766358852386475
5.360412359237671
5.327897548675537
4.988611221313477
4.830235719680786
5.135463714599609
4.798244953155518
5.078685760498047
5.264317750930786
4.745140075683594
4.62218451499939
5.14360237121582
4.900378942489624
4.920032024383545
4.97092866897583
5.394514322280884
5.075770616531372
4.889176368713379
4.836523771286011
4.5389564037323
5.012058973312378
4.583913803100586
4.686030387878418
4.604982852935791
4.824392795562744
5.045597553253174
4.816623210906982
4.685853004455566
5.008239030838013
5.093573093414307
4.79088020324707
4.664055109024048
4.648380517959595
5.1105475425720215
5.194493532180786
4.655942440032959
5.046489477157593
4.779453754425049
4.8411853313446045
4.658509016036987
5.017892599105835
5.123434543609619
4.695645570755005
4.630670547485352
4.521836042404175
4.992380619049072
4.686031818389893
5.274575471878052
5.388517379760742
5.372946500778198
4.802403688430786
4.49701189994812
5.065155029296875
5.2666895389556885
4.639827251434326
5.059407949447632
5.0900044441223145
5.273316144943237
4.772771596908569
4.7035253047943115
4.5954108238220215
4.70954704284668
5.00386118888855
5.4769203662872314
4.6853859424591064
5.176349878311157
4.838185787200928
4.759997844696045
4.924811363220215
4.838858366012573
4.579414367675781
4.597486257553101
4.582815408706665
4.771658897399902
5.110649824142456
4.815128803253174
4.862699031829834
