6.168598890304565
5.42936372756958
5.246985197067261
5.269044637680054
5.043090105056763
5.078636646270752
4.893745422363281
5.405067443847656
5.436774253845215
5.515222549438477
5.139618158340454
5.580332279205322
5.248800754547119
5.491621017456055
5.284167051315308
5.044548749923706
5.241307973861694
5.329371929168701
5.7839813232421875
4.992887020111084
5.0511720180511475
5.827822208404541
4.947083234786987
5.206508159637451
5.643716812133789
5.247620582580566
5.009551763534546
4.980497360229492
6.109800815582275
5.026750564575195
5.120343923568726
5.148864984512329
5.49182653427124
5.231383562088013
5.204959392547607
5.094275236129761
5.902562856674194
5.483116626739502
5.174330234527588
5.009044408798218
5.328234672546387
5.872173070907593
5.527165174484253
5.365113019943237
5.412098169326782
5.4576544761657715
4.977212429046631
5.731541156768799
5.353386163711548
5.677910089492798
5.612360239028931
4.803983926773071
5.360416650772095
5.8254570960998535
5.052892684936523
5.32291841506958
5.737080335617065
5.463656663894653
5.260500192642212
5.292721748352051
5.5272791385650635
5.811260461807251
5.104104518890381
5.573035717010498
5.111833095550537
5.2811479568481445
5.378629922866821
5.276631832122803
5.278656721115112
5.14450216293335
5.291910886764526
5.2628350257873535
5.622403144836426
5.1537981033325195
5.122194051742554
5.679641485214233
5.1907267570495605
5.67401385307312
5.4486072063446045
5.369483709335327
4.903616428375244
5.381343126296997
5.53084921836853
5.68987250328064
4.930325984954834
5.181009769439697
4.900586843490601
5.303431987762451
5.615423679351807
5.9000983238220215
5.707021951675415
4.919607877731323
6.0691163539886475
5.593813419342041
5.572768211364746
5.579768419265747
4.710363388061523
5.0094850063323975
5.632251262664795
4.986387729644775
