5.593523740768433
5.852141857147217
5.981271028518677
6.203343391418457
5.7816832065582275
5.661935329437256
6.0979368686676025
6.02297043800354
5.8372862339019775
6.080723285675049
5.567550897598267
6.215488910675049
5.995971202850342
5.364291429519653
6.21075439453125
6.1566596031188965
5.961400985717773
6.021456718444824
5.8084800243377686
5.8436620235443115
5.733378171920776
5.867384672164917
5.458573818206787
5.819878101348877
5.983032941818237
5.75193452835083
6.316304922103882
5.754985094070435
5.375650405883789
5.643632888793945
5.533084154129028
5.610783100128174
5.399986982345581
5.552841901779175
5.794017791748047
6.008424520492554
5.9385576248168945
5.628209590911865
6.206054210662842
5.829403638839722
5.720450401306152
5.786028861999512
6.1814024448394775
5.924213647842407
5.497170448303223
5.9016759395599365
5.864232540130615
5.754538059234619
5.707551956176758
5.623334169387817
6.007063865661621
5.503251075744629
5.624568462371826
6.268405437469482
6.008593797683716
5.814014911651611
5.928552627563477
5.959932088851929
6.107880115509033
5.445385456085205
5.855202913284302
5.558139801025391
5.7031474113464355
5.560835838317871
6.4491119384765625
5.995518445968628
5.918554782867432
6.668424606323242
5.772404909133911
5.5905139446258545
5.761053085327148
5.87372350692749
5.748783826828003
5.631577253341675
5.815966367721558
5.843700170516968
6.4008917808532715
5.91495680809021
6.557276248931885
6.090022802352905
5.755618572235107
5.975486516952515
5.556461572647095
5.784412384033203
6.043010473251343
6.217193841934204
5.60517954826355
5.6877453327178955
5.845218896865845
5.9867634773254395
6.178033113479614
6.0905091762542725
6.129170179367065
5.609717845916748
6.3783228397369385
5.910064697265625
6.5253746509552
6.018899917602539
5.7262468338012695

