6.317482233047485
6.379377841949463
6.395599842071533
6.465574741363525
6.249562740325928
6.644208669662476
6.1563098430633545
5.98374342918396
6.647731065750122
6.770949602127075
6.477840423583984
6.771583795547485
6.755927562713623
6.402390956878662
6.7936811447143555
6.906132698059082
6.165307998657227
6.553200960159302
6.473050117492676
6.16276478767395
6.8792948722839355
6.41366171836853
6.193738698959351
6.3862621784210205
6.296570301055908
6.310638904571533
6.291447401046753
6.370904445648193
6.290811538696289
6.34903359413147
6.559756278991699
6.04590368270874
6.5297160148620605
6.6495444774627686
6.158728361129761
6.282413959503174
5.936620712280273
6.816251754760742
6.701653003692627
6.4710633754730225
6.85249400138855
5.9376115798950195
6.3484344482421875
6.4698827266693115
6.855321168899536
6.670648574829102
6.307560682296753
5.974949598312378
6.473587274551392
6.470324277877808
6.284544944763184
6.1322667598724365
6.338634967803955
6.148043870925903
6.410984992980957
6.180626392364502
6.316065311431885
6.751386642456055
6.363306999206543
6.160858154296875
6.040066957473755
6.415377855300903
6.006991147994995
6.704845666885376
6.219080686569214
6.00716233253479
6.022974967956543
6.763856649398804
6.2594616413116455
6.484058141708374
6.693396806716919
6.236971855163574
6.08313512802124
6.521435022354126
6.667093276977539
6.7059643268585205
6.427314519882202
6.27389931678772
6.874266862869263
6.392568111419678
6.155769109725952
6.5775840282440186
6.516435623168945
6.312894105911255
5.8734705448150635
6.398970127105713
6.130894899368286
6.7974255084991455
6.440811634063721
6.0407514572143555
6.477585315704346
6.277378797531128
6.187983274459839
6.4489922523498535
6.736639738082886
6.436588764190674
6.695603132247925
5.989019393920898
6.0684449672698975
6.9685218334198
