5.251276016235352
5.356128692626953
6.498058557510376
5.712149381637573
5.0339274406433105
5.605721473693848
5.90668511390686
5.5258073806762695
5.289964914321899
5.573863744735718
5.203784942626953
5.742984294891357
5.2743306159973145
5.354632616043091
5.486096620559692
5.316626310348511
5.320105791091919
5.9131505489349365
5.860153436660767
5.193972587585449
5.8331780433654785
5.4481775760650635
5.438943147659302
5.4435553550720215
5.4611732959747314
5.328099727630615
5.709370374679565
5.788153886795044
5.730540752410889
5.398027658462524
5.174249649047852
5.174201726913452
5.422501087188721
5.411813020706177
5.879741430282593
5.762872934341431
5.8936872482299805
6.035345077514648
5.615257024765015
5.402586460113525
5.484807968139648
6.000095367431641
6.118163108825684
5.392617702484131
5.3196024894714355
5.477648496627808
5.4870522022247314
5.417234182357788
5.549440622329712
5.581432104110718
5.718368768692017
5.272213697433472
5.746514320373535
5.253051996231079
5.648844242095947
5.564617395401001
5.564876556396484
5.7972612380981445
5.1225152015686035
5.672991514205933
5.892405271530151
5.527099847793579
5.414254903793335
4.9134533405303955
5.395413160324097
5.273568630218506
6.094374656677246
5.251094818115234
5.188625335693359
5.6812660694122314
5.610901594161987
4.760862827301025
5.405044794082642
5.576915740966797
6.014296531677246
5.380706071853638
6.056629419326782
5.61735463142395
5.404432773590088
5.7831573486328125
5.685900688171387
5.328141927719116
5.396493434906006
5.49946928024292
5.315027475357056
5.330353260040283
5.523437738418579
5.258343935012817
5.166857481002808
5.260248422622681
5.365721702575684
5.037392854690552
5.08887791633606
5.98856782913208
5.935001373291016
5.984471797943115
5.42517352104187
5.413347244262695
5.662514925003052
5.327844858169556

