5.986390590667725
6.5471274852752686
6.061514139175415
5.9026713371276855
5.8545262813568115
6.119430303573608
5.775278091430664
6.420005559921265
6.035820960998535
6.0276288986206055
6.286928415298462
5.896747350692749
6.014532566070557
5.898357629776001
5.864720106124878
5.966593980789185
5.557314395904541
5.942854404449463
6.115306854248047
5.637533187866211
6.384002447128296
5.709360361099243
6.348361015319824
6.017836093902588
5.986006498336792
6.0727858543396
5.830103397369385
6.211642265319824
6.0674519538879395
6.061795949935913
6.103535890579224
6.507765054702759
6.391355991363525
5.6306610107421875
5.953385353088379
5.9957263469696045
6.1022069454193115
6.0655357837677
6.101655721664429
6.2934839725494385
6.2688024044036865
6.321831703186035
6.286390542984009
5.930873870849609
5.937852382659912
6.1402387619018555
6.191031455993652
6.154977560043335
6.06289529800415
5.789101839065552
5.833499431610107
6.293989181518555
5.6687164306640625
5.993959665298462
5.995199680328369
5.52003812789917
5.591928005218506
5.9537880420684814
5.545806646347046
6.419853925704956
6.021244287490845
5.693776607513428
6.132662296295166
5.841145277023315
5.960566282272339
6.0587098598480225
5.88318657875061
5.783048629760742
5.890158653259277
6.106990575790405
5.8195953369140625
5.51771092414856
5.708198547363281
5.752930641174316
6.024654388427734
5.978118658065796
5.493896961212158
6.486943006515503
5.847785949707031
6.143348932266235
5.9574384689331055
6.222779750823975
6.449988126754761
6.248772621154785
6.234672546386719
6.202611684799194
5.8234782218933105
5.93082857131958
5.819830656051636
6.077767372131348
6.226375102996826
5.854990482330322
6.527641773223877
5.803004264831543
6.044283628463745
6.545648097991943
6.04303240776062
5.854019641876221
5.9129297733306885
5.6329567432403564
