8.78440260887146
8.237037658691406
8.65800929069519
8.887048721313477
9.057656288146973
8.610724925994873
8.70468521118164
8.381529808044434
8.559663772583008
8.940961837768555
8.837546348571777
8.54395842552185
8.775560855865479
8.209961414337158
8.310060977935791
8.724353313446045
8.541375398635864
8.67556619644165
8.549925327301025
8.947188377380371
8.3682119846344
8.581409215927124
8.391956567764282
8.273289203643799
9.280980110168457
9.216300964355469
8.61081838607788
8.788948059082031
9.178818464279175
8.782095432281494
9.25840139389038
9.155612230300903
8.564130544662476
9.018424034118652
8.9075186252594
8.5288987159729
9.170482635498047
8.324052333831787
8.9678795337677
8.683365821838379
8.921523332595825
8.55552887916565
8.528767824172974
8.86873745918274
9.074098348617554
9.19514536857605
8.813702821731567
8.382035493850708
8.73145580291748
8.25363540649414
8.615042209625244
8.750242710113525
9.033575534820557
8.49116826057434
8.187979459762573
9.21329116821289
9.051278114318848
8.975206851959229
8.898126363754272
9.543119192123413
8.466941833496094
8.62346339225769
9.00316309928894
8.745726585388184
9.107036113739014
8.201958894729614
9.313467264175415
9.159202575683594
9.064792394638062
8.831290245056152
8.849271059036255
8.682239532470703
9.410926342010498
8.299176216125488
9.178977012634277
9.729524374008179
8.66572904586792
8.878103733062744
8.674269914627075
8.232694149017334
8.53746247291565
8.785699605941772
8.978722333908081
8.556363105773926
9.130973815917969
8.99124789237976
8.821943283081055
8.28231167793274
8.789733648300171
8.557411909103394
8.461829423904419
8.446111679077148
8.547244310379028
9.109516143798828
8.928351402282715
8.834373950958252
8.945506811141968
