7.921546220779419
8.381970167160034
7.943598985671997
8.111103773117065
8.01558232307434
7.652410507202148
8.532684087753296
8.030324935913086
8.269030570983887
7.956380367279053
8.43977165222168
7.529847145080566
7.641980409622192
7.681677341461182
7.782651662826538
8.53780221939087
8.11150336265564
7.99794864654541
7.726715803146362
8.058764457702637
8.500923156738281
7.706226587295532
8.200564622879028
8.020650863647461
8.298900127410889
8.136099100112915
8.45680284500122
7.816788911819458
7.490025043487549
8.03743028640747
7.903053045272827
7.939526796340942
8.046573638916016
8.148375988006592
7.787264108657837
8.105306625366211
7.826387405395508
7.864763498306274
8.016729831695557
7.9086668491363525
7.679313898086548
7.900346040725708
7.49587869644165
8.677685499191284
8.479666709899902
8.218709230422974
8.627220153808594
8.699513912200928
7.175840377807617
7.934385538101196
8.01284122467041
8.464750051498413
8.456537008285522
8.404839754104614
7.867106914520264
8.462522029876709
7.388382434844971
7.889886140823364
8.291552066802979
7.810993432998657
7.673480033874512
8.370212078094482
7.54288387298584
7.93902063369751
7.970005750656128
7.706938028335571
8.049947023391724
8.276899576187134
8.079360008239746
7.6438446044921875
7.693909406661987
8.385610342025757
7.544301509857178
7.664668083190918
7.696443557739258
7.988107919692993
7.545479774475098
8.493673324584961
7.892910718917847
7.7078118324279785
7.726895093917847
7.801642656326294
8.193766355514526
8.287240505218506
7.964027404785156
8.44862413406372
7.891102313995361
8.023459434509277
8.180007219314575
8.463258743286133
7.758453607559204
7.867616176605225
8.253321409225464
8.005459308624268
8.540029764175415
8.002605676651001
7.751915693283081
