3.5186519622802734
3.7702975273132324
3.979853868484497
4.0263917446136475
3.4370615482330322
4.024528503417969
3.8149447441101074
3.9670662879943848
3.5195038318634033
4.063673973083496
3.645228624343872
3.325380325317383
3.5327794551849365
3.5486233234405518
3.0547878742218018
3.8462135791778564
3.626302719116211
3.5756115913391113
3.8852269649505615
3.7767419815063477
3.9308605194091797
3.9175236225128174
3.5058605670928955
3.7329702377319336
3.848649263381958
3.7905213832855225
3.9166383743286133
3.8629062175750732
3.7104437351226807
3.956141233444214
3.705362319946289
3.683368682861328
3.30293607711792
4.197471380233765
3.807912588119507
3.3262765407562256
3.549283266067505
3.0944783687591553
2.9214653968811035
2.7775566577911377
3.1982743740081787
3.8104467391967773
4.1835036277771
3.5167999267578125
3.147752046585083
3.261411666870117
3.8509793281555176
3.495635747909546
3.8562166690826416
3.5385701656341553
3.436992883682251
3.7241604328155518
3.358097553253174
3.718470335006714
3.020671844482422
3.8326563835144043
3.3449082374572754
3.2619645595550537
3.6089863777160645
3.0833704471588135
3.5103824138641357
3.702369213104248
4.062609910964966
2.8788468837738037
3.156109571456909
3.67277455329895
3.47733998298645
3.371976852416992
3.5911753177642822
3.251767873764038
3.609480619430542
3.3953068256378174
3.506352663040161
3.314441680908203
3.133726119995117
3.371067762374878
3.0758349895477295
2.856226682662964
3.1749584674835205
3.5457351207733154
3.1191792488098145
3.289334297180176
3.4330618381500244
3.1362290382385254
3.5468590259552
3.2437682151794434
2.9353690147399902
3.329747200012207
2.8855645656585693
3.1415109634399414
3.1578049659729004
3.0693628787994385
3.2095584869384766
3.6894426345825195
2.9309709072113037
3.6320626735687256
3.604403495788574
3.3925061225891113
3.5904362201690674
3.336930274963379
