3.4413645267486572
3.3576772212982178
3.3252224922180176
3.006179094314575
3.760932445526123
3.6084210872650146
3.0474300384521484
3.164940118789673
2.791877508163452
2.8914566040039062
3.1046926975250244
3.331016778945923
2.707387924194336
2.981043815612793
2.7093329429626465
3.301004409790039
3.0131053924560547
3.0652570724487305
3.1800856590270996
3.2820968627929688
2.5455291271209717
2.9639055728912354
3.3302690982818604
2.9843950271606445
2.9425230026245117
2.409424304962158
3.0745949745178223
3.1354176998138428
3.235684871673584
2.5920345783233643
2.792041301727295
2.7303225994110107
2.8201770782470703
2.7956032752990723
3.1580140590667725
3.2528014183044434
2.4802393913269043
2.8597309589385986
3.121882677078247
3.18625807762146
2.6570417881011963
2.7100794315338135
2.852109909057617
3.2983460426330566
2.531968116760254
2.927312135696411
2.704505205154419
2.9856433868408203
2.483872652053833
2.836883306503296
2.5011913776397705
2.4421963691711426
3.310068368911743
2.749133825302124
2.649038791656494
2.62827730178833
2.489163637161255
2.487333297729492
2.9761645793914795
2.9663491249084473
2.938103199005127
2.4352240562438965
2.667518138885498
2.748781442642212
2.5590169429779053
2.6801345348358154
2.638709783554077
2.6988234519958496
2.7069220542907715
2.7214536666870117
2.6335608959198
2.8006556034088135
2.64176344871521
3.112435817718506
2.4563894271850586
2.936249256134033
2.7243099212646484
2.5027477741241455
2.7738780975341797
2.5464656352996826
2.4361674785614014
2.644186496734619
2.4899418354034424
2.5170867443084717
3.0801398754119873
2.704824447631836
3.021440029144287
2.7426490783691406
2.5775363445281982
2.847602605819702
2.4404993057250977
2.9192304611206055
2.521303176879883
2.905393123626709
2.6594324111938477
2.763676166534424
2.8256630897521973
2.8494133949279785
2.7045540809631348
2.7137765884399414
