3.843540668487549
3.367623805999756
3.930730104446411
3.9566855430603027
3.702009439468384
3.604469060897827
3.514214038848877
3.6834375858306885
3.510988235473633
3.7176430225372314
3.655756711959839
3.671851873397827
3.7330551147460938
3.1536660194396973
3.559570789337158
3.887474775314331
3.970027208328247
3.7303218841552734
3.712095022201538
3.391554832458496
3.675609827041626
3.9059927463531494
3.167250394821167
3.8797435760498047
3.580042839050293
3.638530731201172
3.3469579219818115
3.6777100563049316
3.570524215698242
3.4467461109161377
3.3122787475585938
3.3204362392425537
3.6306369304656982
4.336378574371338
3.900952100753784
3.434816360473633
4.1696860790252686
3.5802392959594727
3.535308837890625
3.414999485015869
3.357520818710327
3.3806257247924805
3.70538592338562
4.81434965133667
3.700632095336914
3.7156786918640137
3.592696189880371
3.4318161010742188
3.2948265075683594
3.4010531902313232
3.59541916847229
3.3274641036987305
3.919619560241699
3.388880491256714
3.2657196521759033
3.3005337715148926
3.7111170291900635
3.1558408737182617
3.374535083770752
3.49655818939209
3.731445074081421
3.434734344482422
4.0004894733428955
3.6229827404022217
3.0930967330932617
3.667833089828491
3.632305860519409
4.00205659866333
3.166080951690674
3.095003604888916
3.4850575923919678
3.4398789405822754
3.6882925033569336
3.9090983867645264
3.2301316261291504
3.269916296005249
2.8930435180664062
3.3125739097595215
4.328136205673218
3.1018497943878174
3.300095319747925
3.1533796787261963
3.399556875228882
3.4540786743164062
3.3069305419921875
3.257263422012329
3.3241207599639893
3.5535202026367188
3.425607681274414
3.2839467525482178
3.426274299621582
3.2777504920959473
3.670531749725342
3.8189189434051514
3.668168783187866
3.8186426162719727
3.4189629554748535
3.5409154891967773
3.3108510971069336
3.75211763381958
