3.542346954345703
3.9469172954559326
3.7831006050109863
3.9255423545837402
3.8376615047454834
3.4687881469726562
3.8855392932891846
3.8234405517578125
3.547544479370117
3.916362762451172
3.5849392414093018
3.3859729766845703
3.791928768157959
3.531954765319824
4.0394370555877686
3.4707093238830566
3.7145659923553467
3.5477402210235596
3.4453415870666504
3.6254384517669678
3.6329751014709473
3.4961097240448
3.7075235843658447
4.050402879714966
3.9899795055389404
4.025896072387695
3.2359812259674072
3.4880192279815674
3.818240165710449
3.772695302963257
3.509399890899658
3.5643579959869385
3.6917190551757812
3.645110845565796
3.7137837409973145
3.2644248008728027
4.097585916519165
4.115659236907959
3.66408371925354
3.852952003479004
4.130580902099609
3.405568838119507
3.4642579555511475
3.3487861156463623
3.7196621894836426
3.541227102279663
3.4575517177581787
3.4653704166412354
3.57706356048584
3.5363876819610596
3.2996909618377686
3.2961173057556152
4.082717418670654
3.4412872791290283
3.185868740081787
3.4387598037719727
3.5253195762634277
3.7212510108947754
3.7672817707061768
3.8361191749572754
3.6375606060028076
3.6475563049316406
3.51210880279541
3.454335927963257
3.4947011470794678
3.545076608657837
3.2581753730773926
3.611445426940918
3.1576499938964844
3.458282232284546
3.6426873207092285
3.6931393146514893
3.5439727306365967
3.3196516036987305
3.4335134029388428
3.3716554641723633
3.3098080158233643
3.4905030727386475
3.4366447925567627
3.3656365871429443
3.765481948852539
3.6593356132507324
3.5275940895080566
3.7081799507141113
3.5491957664489746
3.7081000804901123
3.734269380569458
3.9229278564453125
3.6197149753570557
3.6220273971557617
3.67592191696167
3.4964964389801025
3.5912907123565674
3.3649425506591797
3.9630651473999023
3.9998207092285156
3.1916308403015137
3.171034812927246
3.769333839416504
3.506056070327759

