3.5485095977783203
3.9064090251922607
4.019068241119385
3.8463330268859863
3.725534677505493
4.062753677368164
3.9600555896759033
3.4290378093719482
3.9343254566192627
4.044108867645264
3.6183626651763916
3.688866376876831
3.6268553733825684
3.442936897277832
3.7459654808044434
3.8967068195343018
3.6723499298095703
3.7489426136016846
3.615333318710327
3.7312583923339844
3.590038776397705
4.153401851654053
3.905459403991699
4.167927980422974
3.427738904953003
3.5623719692230225
3.682528018951416
3.974900722503662
3.9423534870147705
4.270772457122803
3.5854737758636475
3.640324831008911
3.827986001968384
3.8924529552459717
4.154804706573486
3.691253423690796
3.8487555980682373
3.6950273513793945
3.772162437438965
3.773714780807495
3.5785698890686035
4.098272085189819
4.010348796844482
3.6091277599334717
3.776355504989624
4.187068223953247
4.00529932975769
4.217939853668213
4.220834016799927
3.319058656692505
3.6110639572143555
3.9637863636016846
3.728651285171509
3.8982133865356445
3.626387119293213
3.5959792137145996
4.090086936950684
3.9745771884918213
3.490511417388916
3.611884117126465
3.786550521850586
3.585036039352417
4.0201733112335205
3.4914557933807373
3.554114580154419
3.679536819458008
3.5300660133361816
3.717057466506958
3.649590492248535
3.327469825744629
3.996612310409546
3.6583101749420166
3.6471643447875977
4.101305961608887
4.0649192333221436
3.4515182971954346
3.9994919300079346
3.6983118057250977
3.6671597957611084
3.6360857486724854
3.6911685466766357
3.966297149658203
4.015484571456909
3.6004080772399902
3.92220401763916
3.9406278133392334
3.596712350845337
3.8266313076019287
3.668530225753784
4.564613580703735
3.9010348320007324
4.60021448135376
3.6495773792266846
3.832331895828247
3.618067502975464
4.038184642791748
3.5585861206054688
3.9333667755126953
4.304967403411865
3.831768274307251
