4.1001036167144775
3.8169960975646973
3.928825855255127
4.408291339874268
4.174164533615112
4.039965629577637
4.272159099578857
4.337753057479858
4.301299333572388
4.120621681213379
4.145328521728516
3.8958210945129395
3.7789554595947266
3.8157379627227783
4.245210647583008
4.6373937129974365
3.8828115463256836
4.189905881881714
4.222153663635254
4.0034661293029785
4.130976915359497
4.400428056716919
3.9521515369415283
4.4777257442474365
4.171128511428833
3.7480437755584717
4.3647236824035645
3.9936604499816895
4.088436603546143
3.611854076385498
3.8743083477020264
3.782191038131714
4.066312074661255
4.361713409423828
3.756166458129883
4.323032855987549
4.333686113357544
4.391608715057373
3.664799690246582
3.823098659515381
3.9780991077423096
3.8477604389190674
3.5794296264648438
3.8478634357452393
4.326711416244507
3.931330680847168
3.921964406967163
3.8071467876434326
4.2394630908966064
4.130859136581421
4.0489795207977295
3.9616165161132812
4.412989139556885
4.009432077407837
3.9838550090789795
4.252723932266235
4.325861930847168
4.000142335891724
3.8811686038970947
4.187124490737915
3.856276750564575
3.9092369079589844
4.081211805343628
4.112963676452637
3.953023910522461
3.6438117027282715
4.497177839279175
4.26543664932251
4.128061294555664
3.7922205924987793
4.218238830566406
3.8437461853027344
4.448749542236328
4.202897787094116
3.9139130115509033
3.9559268951416016
4.235951662063599
4.097814083099365
4.0815300941467285
4.243010520935059
3.8530025482177734
3.92793345451355
3.9752564430236816
4.386129379272461
4.002442121505737
4.448703765869141
4.81956934928894
4.324827671051025
4.392964124679565
4.17270827293396
3.81754469871521
3.692680597305298
3.7058706283569336
4.2211525440216064
3.9349164962768555
4.014905691146851
3.9934582710266113
4.547443389892578
4.214407682418823
3.797455310821533
