4.9610350131988525
4.799388885498047
4.403713703155518
4.643004655838013
4.5337440967559814
4.283555269241333
4.072578191757202
4.690689325332642
4.6767659187316895
4.412225723266602
4.499841690063477
4.813600063323975
4.226541757583618
4.725785970687866
4.23733115196228
4.4562177658081055
4.480518102645874
4.7418553829193115
4.306597948074341
4.540009260177612
4.675954103469849
4.553791046142578
4.607206106185913
4.509786128997803
4.464169025421143
4.138546943664551
4.538861036300659
4.491070508956909
4.281158447265625
4.256403923034668
4.213988542556763
4.316747665405273
4.690704822540283
4.49778151512146
4.129072904586792
4.682319402694702
4.519136667251587
4.346357822418213
4.72338342666626
4.411115884780884
4.612988710403442
4.453543186187744
3.985412836074829
4.789590120315552
4.872506380081177
4.105628490447998
4.48742938041687
4.360100984573364
4.459899425506592
4.925934791564941
4.595600605010986
4.606388807296753
4.448976278305054
4.672832727432251
4.547780752182007
4.698992967605591
4.237493276596069
4.520508050918579
4.622207164764404
4.527323007583618
4.223332643508911
4.369980573654175
4.064358234405518
4.28501558303833
4.832088470458984
4.55488395690918
4.170647144317627
4.303668022155762
4.370920181274414
4.521580696105957
4.663724422454834
4.458597183227539
4.47226619720459
4.482808589935303
4.42797589302063
4.276586055755615
4.430198907852173
4.62133526802063
4.229168176651001
4.739594459533691
4.889449596405029
4.323995351791382
4.34628963470459
4.142128944396973
4.059006452560425
4.479470729827881
4.741743564605713
4.153168201446533
4.549026966094971
4.622276544570923
4.339023113250732
4.193498134613037
4.503809213638306
4.26684045791626
4.301581144332886
4.4423558712005615
4.204474210739136
4.477075576782227
4.471492767333984
4.4746809005737305
