4.276164531707764
4.144977569580078
4.325591802597046
4.498591423034668
4.074400901794434
4.010199546813965
4.110175848007202
4.385236501693726
4.14748477935791
4.006871700286865
4.361029386520386
4.496668815612793
3.961007833480835
4.179877042770386
3.946389675140381
4.329222917556763
5.01791787147522
4.220578193664551
4.26917290687561
4.359446287155151
4.354807138442993
4.621770143508911
4.1175055503845215
4.5416905879974365
4.068742990493774
4.3078107833862305
4.026430130004883
4.074010848999023
4.167246580123901
4.28793740272522
4.162494421005249
4.636005640029907
4.264241695404053
4.1853930950164795
4.100199222564697
4.175949335098267
4.585346460342407
4.220031976699829
4.10749626159668
4.216535329818726
4.579660654067993
4.107862234115601
4.3564112186431885
4.1221771240234375
4.373830318450928
4.199605226516724
4.045083522796631
4.408453464508057
4.372112989425659
4.34132194519043
5.209432601928711
5.285434246063232
4.887510299682617
4.398061752319336
4.494626522064209
4.134450197219849
3.871433734893799
4.094555139541626
4.344055414199829
53.962279319763184
4.31299901008606
4.4672369956970215
4.8182902336120605
4.495089292526245
3.770031690597534
4.081195116043091
4.260254144668579
4.221635103225708
4.166401386260986
4.456570148468018
4.278094530105591
4.340538024902344
4.673008918762207
3.9162654876708984
4.160799503326416
4.456256866455078
4.402487516403198
3.993131399154663
4.414457321166992
4.1814491748809814
3.996119737625122
5.037309646606445
4.064245223999023
4.076579809188843
3.9797000885009766
4.125199317932129
3.7581098079681396
3.8600125312805176
4.143563985824585
4.3435938358306885
4.185889482498169
4.264742612838745
4.115396976470947
4.06458854675293
4.372035026550293
4.314712285995483
4.392969846725464
4.98813533782959
4.292569398880005
4.128617286682129
