4.681821823120117
4.583249092102051
4.753084659576416
5.755991697311401
4.899530410766602
5.39592981338501
4.781012773513794
4.8682427406311035
5.184002876281738
4.751769542694092
5.170541763305664
5.2444140911102295
5.30464768409729
5.0780627727508545
5.232188940048218
4.894570827484131
5.2483344078063965
4.965628385543823
4.921738624572754
5.248075723648071
5.221282482147217
4.8355934619903564
5.20343017578125
4.7031090259552
5.22023868560791
4.676872968673706
4.845581293106079
5.012792587280273
4.927075386047363
4.898138523101807
5.332458019256592
5.025202512741089
4.971326589584351
5.09321665763855
5.014337778091431
5.016376256942749
4.696523666381836
5.050382137298584
4.774889707565308
5.282707691192627
5.148876428604126
4.824422359466553
5.337754726409912
4.8658342361450195
5.297930955886841
5.105971574783325
4.910761594772339
4.581589937210083
5.245952367782593
4.935362815856934
4.947023153305054
4.9345293045043945
4.676512956619263
4.940288543701172
4.878256559371948
4.902301073074341
5.441823959350586
5.348623514175415
5.084550857543945
4.843778848648071
4.90600061416626
5.271649122238159
4.77983283996582
4.851864576339722
5.018850564956665
5.488101482391357
5.045660734176636
4.7241387367248535
4.761797904968262
5.2063798904418945
5.416121482849121
4.70541787147522
4.686311721801758
5.2090253829956055
5.167473316192627
4.836169719696045
4.909098863601685
4.71012020111084
5.0412092208862305
5.456668138504028
4.4655375480651855
5.13930082321167
5.0835676193237305
4.871588945388794
5.378714561462402
5.315782070159912
5.123651742935181
5.38250732421875
5.402356386184692
4.78944993019104
4.896752119064331
5.2746617794036865
5.029605865478516
4.671904802322388
5.24366307258606
4.803938627243042
5.605148553848267
4.806124925613403
4.992266654968262
5.005602121353149

