5.398510694503784
5.207209348678589
5.765130043029785
5.515490531921387
5.705209493637085
5.962016582489014
5.530252695083618
5.123955726623535
5.535755157470703
5.63530969619751
5.800593137741089
5.692031621932983
5.525121688842773
5.787523031234741
5.9655256271362305
5.722839117050171
5.280817985534668
5.6839728355407715
5.474506139755249
5.552326440811157
5.330687046051025
5.627973318099976
5.5030388832092285
5.239772319793701
5.121846914291382
5.567426443099976
5.534051179885864
6.022789001464844
5.726556301116943
5.628099679946899
5.47436785697937
5.2753214836120605
5.716918706893921
5.1962034702301025
5.66472864151001
5.275406837463379
6.358436346054077
5.769930362701416
5.256925344467163
5.558677673339844
5.473656415939331
5.774363279342651
6.053470611572266
5.6618475914001465
5.325424909591675
5.638686180114746
5.676202058792114
5.393533706665039
5.522150278091431
6.082201957702637
5.443496942520142
5.706003665924072
5.6508753299713135
5.4515063762664795
5.708250045776367
5.779390811920166
5.589527606964111
5.339607238769531
5.5228259563446045
5.298170328140259
5.510168075561523
5.296307325363159
5.537938117980957
5.7379889488220215
5.299448490142822
6.139782667160034
6.41246771812439
5.4329774379730225
5.503612995147705
5.154512405395508
5.378944396972656
5.655648708343506
5.733194589614868
5.5869855880737305
5.2233593463897705
5.420220613479614
5.323705434799194
5.848510980606079
6.4639997482299805
5.763988256454468
5.306179761886597
5.52290415763855
5.278303384780884
5.2569420337677
5.883875131607056
5.4752037525177
5.519153833389282
5.284112930297852
5.799799203872681
5.3255650997161865
5.490624189376831
5.488636016845703
5.318204164505005
5.174090623855591
5.746253490447998
5.387326240539551
5.131498336791992
5.5293309688568115
5.618892669677734
4.9684226512908936
