4.53453516960144
4.791691303253174
4.684509754180908
4.748556852340698
4.464853525161743
4.634301424026489
4.899531841278076
4.892051696777344
4.790429592132568
4.912925720214844
5.451928377151489
4.6441004276275635
4.454613924026489
4.373091697692871
4.839629888534546
4.730869293212891
4.650303363800049
5.098737001419067
4.920147180557251
4.713487148284912
5.188346862792969
4.990748643875122
5.053932428359985
4.685433864593506
4.7061216831207275
4.520171165466309
4.734159231185913
4.762314081192017
4.827397584915161
4.720031261444092
5.23848819732666
4.32079553604126
4.636167049407959
5.131102800369263
5.2950427532196045
4.887726783752441
4.860971927642822
4.440725326538086
4.4126975536346436
4.647053003311157
4.786113977432251
4.46493673324585
4.427807092666626
4.6376917362213135
4.496824502944946
4.632939100265503
4.713038921356201
4.864685773849487
4.709875583648682
4.769896745681763
4.978732109069824
4.566260814666748
4.795568943023682
4.631915807723999
55.041001081466675
4.937732219696045
4.7257750034332275
4.457098484039307
5.0142199993133545
5.013451337814331
4.575429916381836
5.261160373687744
4.55790114402771
4.659687519073486
4.897008419036865
4.947362661361694
4.530121803283691
4.455584764480591
4.4678614139556885
4.984401226043701
4.848974943161011
4.223777532577515
4.6425089836120605
4.380205154418945
4.496521472930908
4.6172873973846436
4.786925315856934
4.947573184967041
4.527924060821533
4.86897087097168
4.73843240737915
4.96289587020874
5.526785850524902
4.481822729110718
5.206578731536865
4.680482864379883
4.932863473892212
5.11676025390625
4.830008506774902
4.733031272888184
4.484736442565918
4.744494199752808
4.824000835418701
5.065704584121704
4.649812936782837
4.94160532951355
4.7987916469573975
4.950017690658569
4.879289388656616
4.95862603187561
